
Breast W:
Category:[Count, Average, Maximum, Minimum]
Safe:[226, 0.9357980500354393, 1.0, 0.6039358247975057]
Borderline:[4, 0.5409341314879719, 0.596767148335854, 0.500133681923784]
Rare:[9, 0.24331127540376324, 0.39330893480373136, 0.1399046044432168]
Outlier:[2, 0.0, 0, 0.0]

Breast Cancer:
Category:[Count, Average, Maximum, Minimum]
Safe:[19, 0.7724018363334831, 1.0, 0.4282583742411494]
Borderline:[15, 0.4978752248778136, 0.8112283435263123, 0.26873772932582646]
Rare:[48, 0.2937456161302013, 1.0, 8.45870894801617e-215]
Outlier:[3, 0.0, 0, 0.0]

